19,19,19,19,19,19,19,19,19,19,19,19,19,19,19,19,19,47,61,61,61,61,61,61,61,61,61,61,61,61,47,61,61,61,61,61,61,61,61,61,61,61,61,61,61,61,61,61,61,61,61,61,61,61,47,61,61,61,61,47,61,61,61,61,61,61,61,61,61,61,61,61,47,61,61,61,61,61,61,61,61,61,61,61,61,61,61,61,61,61,61,61,61,61,61,61,61,61,61,3
19,19,19,19,19,19,19,19,19,19,19,19,19,19,19,19,19,47,71,71,71,71,71,71,71,71,71,71,71,71,47,71,71,71,71,71,71,71,71,71,71,71,71,71,71,71,71,71,71,71,71,71,71,71,47,71,71,71,71,47,71,71,71,71,71,71,71,71,71,71,71,71,47,71,71,71,71,71,71,71,71,71,71,71,71,71,71,71,71,71,71,71,71,71,71,71,71,71,71,3
19,19,19,19,19,19,19,19,19,19,19,19,19,19,19,19,19,47,29,29,29,29,29,29,29,29,29,29,29,29,47,29,29,29,29,29,29,29,29,29,29,29,29,29,29,29,29,29,29,29,29,29,29,29,47,29,29,29,29,47,29,29,29,29,29,29,29,29,29,29,29,29,47,29,29,29,29,29,29,29,29,29,29,29,29,29,29,29,29,29,29,29,29,29,29,29,29,29,29,3
19,19,19,19,19,19,19,19,19,19,19,19,19,19,19,19,19,47,29,29,29,29,29,29,29,29,29,29,29,29,47,29,29,29,29,29,29,29,29,29,29,29,29,29,29,29,29,29,29,29,29,29,29,29,47,29,29,29,29,47,29,29,29,29,29,29,29,29,29,29,29,29,29,29,29,29,29,29,29,29,29,29,29,29,29,29,29,29,29,29,29,29,29,29,29,29,29,29,29,3
19,19,19,19,19,19,19,19,19,19,19,19,19,19,19,19,19,47,29,29,29,29,29,29,29,29,29,29,29,29,47,29,29,29,29,29,29,29,29,29,29,29,29,29,29,29,29,29,29,29,29,29,29,29,47,29,29,29,29,47,29,29,29,29,29,29,29,29,29,29,29,29,29,29,29,29,29,29,29,29,29,29,29,29,29,29,29,29,29,29,29,29,29,29,29,29,29,29,29,3
19,19,19,19,19,19,19,19,19,19,19,19,19,19,19,19,19,47,29,29,29,29,29,29,29,29,29,29,29,29,47,29,29,29,29,29,29,29,29,29,29,29,29,29,29,29,29,29,29,29,29,29,29,29,47,29,29,29,29,47,29,29,29,29,29,29,29,29,29,29,29,29,47,29,29,29,29,29,29,29,29,29,29,29,29,29,29,29,29,29,29,29,29,29,29,29,29,29,29,3
19,19,19,19,19,19,19,19,19,19,19,19,19,19,19,19,19,47,29,29,29,29,29,29,29,29,29,29,29,29,47,29,29,29,29,29,29,29,29,29,29,29,29,29,29,29,29,29,29,29,29,29,29,29,47,29,29,29,29,47,29,29,29,29,29,29,29,29,29,29,29,29,47,29,29,29,29,29,29,29,29,29,29,29,29,29,29,29,29,29,29,29,29,29,29,29,29,29,29,3
19,19,19,19,19,19,19,19,19,19,19,19,19,19,19,19,19,47,29,29,29,29,29,29,29,29,29,29,29,29,47,29,29,29,29,29,29,29,29,29,29,29,29,29,29,29,29,29,29,29,29,29,29,29,47,29,29,29,29,47,29,29,29,29,29,29,29,29,29,29,29,29,47,29,29,29,29,29,29,29,29,29,29,29,29,29,29,29,29,29,29,29,29,29,29,29,29,29,29,3
19,19,19,19,19,19,19,19,19,19,19,19,19,19,19,19,19,47,29,29,29,29,29,29,29,29,29,29,29,29,29,29,29,29,29,29,29,29,29,29,29,29,29,29,29,29,29,29,29,29,29,29,29,29,47,29,29,29,29,47,29,29,29,29,29,29,29,29,29,29,29,29,47,29,29,29,29,29,29,29,29,29,29,29,29,29,29,29,29,29,29,29,29,29,29,29,29,29,29,3
19,19,19,19,19,19,19,19,19,19,19,19,19,19,19,19,19,47,29,29,29,29,29,29,29,29,29,29,29,29,29,29,29,29,29,29,29,29,29,29,29,29,29,29,29,29,29,29,29,29,29,29,29,29,47,29,29,29,29,47,29,29,29,29,29,29,29,29,29,29,29,29,47,29,29,29,29,29,29,29,29,29,29,29,29,29,29,29,29,29,29,29,29,29,29,29,29,29,29,3
19,19,19,19,19,19,19,19,19,19,19,19,19,19,19,19,19,47,29,29,29,29,29,29,29,29,29,29,29,29,47,29,29,29,29,29,29,29,29,29,29,29,29,29,29,29,29,29,29,29,29,29,29,29,47,29,29,29,29,47,29,29,29,29,29,29,29,29,29,29,29,29,47,29,29,29,29,29,29,29,29,29,29,29,29,29,29,29,29,29,29,29,29,29,29,29,29,29,29,3
19,19,19,19,19,19,19,19,19,19,19,19,19,19,19,19,2,61,61,29,29,61,61,61,61,61,61,61,29,29,61,61,61,61,29,29,61,61,61,61,61,61,61,61,61,61,61,61,61,61,61,29,29,61,61,61,29,29,61,61,61,29,29,61,61,61,61,61,61,61,61,61,47,29,29,29,29,29,29,29,29,29,29,29,29,29,29,29,29,29,29,29,29,29,29,29,29,29,29,3
19,19,19,19,19,19,19,19,19,19,19,19,19,19,19,19,2,71,71,29,29,71,71,71,71,71,71,71,29,29,71,71,71,71,29,29,71,71,71,71,71,71,71,71,71,71,71,71,71,71,71,29,29,71,71,71,29,29,71,71,71,29,29,71,71,71,71,71,71,71,71,71,47,29,29,29,29,29,29,29,29,29,29,29,29,29,29,29,29,29,29,29,29,29,29,29,29,29,29,3
19,19,19,19,19,19,19,19,19,19,19,19,19,19,,19,19,30,29,29,29,29,29,29,29,29,29,47,29,29,29,29,29,29,29,29,29,29,29,29,29,29,29,29,29,29,29,29,29,29,29,29,29,29,29,29,29,29,29,29,29,29,29,29,29,29,29,29,29,29,29,29,29,47,29,29,29,29,29,29,29,29,29,29,29,29,29,29,29,29,29,29,29,29,29,29,29,29,29,29,3
19,19,19,19,19,19,19,19,19,19,19,19,19,19,19,30,29,29,29,29,29,29,29,29,29,29,47,29,29,29,29,29,29,29,29,29,29,29,29,29,29,29,29,29,29,29,29,29,29,29,29,29,29,29,29,29,29,29,29,29,29,29,29,29,29,29,29,29,29,29,29,29,47,29,29,29,29,29,29,29,29,29,29,29,29,29,29,29,29,29,29,29,29,29,29,29,29,29,29,3
19,19,19,19,19,19,19,19,19,19,19,19,19,19,0,29,29,29,29,29,29,29,29,29,29,29,29,29,29,29,29,29,29,29,29,29,29,29,29,29,29,29,29,29,29,29,29,29,29,29,29,29,29,29,29,29,29,29,29,29,29,29,29,29,29,29,29,29,29,29,29,29,29,29,29,29,29,29,29,29,29,29,29,29,29,29,29,29,29,29,29,29,29,29,29,29,29,29,29,3
19,19,19,19,19,19,19,19,19,19,19,19,19,19,0,29,29,29,29,29,29,29,29,29,29,29,29,29,29,29,29,29,29,29,29,29,29,29,29,29,29,29,29,29,29,29,29,29,29,29,29,29,29,29,29,29,29,29,29,29,29,29,29,29,29,29,29,29,29,29,29,29,29,29,29,29,29,29,29,29,29,29,29,29,29,29,29,29,29,29,29,29,29,29,29,29,29,29,29,3
19,19,19,19,19,19,19,19,19,19,19,19,19,19,30,29,29,29,29,29,29,29,29,29,29,29,47,29,29,29,29,29,29,29,29,29,29,29,29,29,29,29,29,29,29,29,29,29,29,29,29,29,29,29,29,29,29,29,29,29,29,29,29,29,29,29,29,29,29,29,29,29,47,29,29,29,29,29,29,29,29,29,29,29,29,29,29,29,29,29,29,29,29,29,29,29,29,29,29,3
19,19,19,19,19,19,19,19,19,19,19,19,19,0,29,29,29,47,61,61,61,61,29,29,61,61,47,29,29,29,29,29,29,29,29,29,29,29,29,29,29,29,29,29,29,29,29,29,29,29,29,29,29,29,29,29,29,29,29,29,29,29,29,29,29,29,29,29,29,29,29,29,47,29,29,29,29,29,29,29,29,29,29,29,29,29,29,29,29,29,29,29,29,29,29,29,29,29,29,3
19,19,19,19,19,19,19,19,19,19,19,19,19,30,29,29,29,47,71,71,71,71,29,29,71,71,47,61,29,29,61,61,61,61,61,61,61,61,61,61,61,61,61,61,61,61,61,61,61,29,29,61,61,61,61,61,61,61,29,29,68,68,68,68,68,68,68,68,68,68,29,29,47,29,29,29,29,29,29,29,29,29,29,29,29,29,29,29,29,29,29,29,29,29,29,29,29,29,29,3
19,19,19,19,19,19,19,19,19,19,19,19,0,29,29,29,29,47,29,29,29,29,29,29,29,29,47,71,29,29,71,71,71,71,71,71,71,71,71,71,71,71,71,71,71,71,71,71,71,29,29,71,71,71,71,71,71,71,37,37,78,78,78,78,78,78,78,78,78,78,37,37,47,29,29,29,29,29,29,29,29,29,29,29,29,29,29,29,29,29,29,29,29,29,29,29,29,29,29,3
19,19,19,19,19,19,19,19,19,19,19,19,0,29,29,29,29,47,29,29,29,29,29,29,29,29,47,29,29,29,29,29,29,29,29,29,29,29,29,29,29,29,29,29,29,29,29,29,29,29,29,29,47,29,47,29,29,47,37,37,37,37,37,37,37,37,37,37,37,37,37,37,47,29,29,29,29,29,29,29,29,29,29,29,29,29,29,29,29,29,29,29,29,29,29,29,29,29,29,3
19,19,19,19,19,19,19,19,19,19,19,19,30,29,29,29,29,47,29,29,29,29,29,29,29,29,47,29,29,29,29,29,29,29,29,29,29,29,29,29,29,29,29,29,29,29,29,29,29,29,29,29,47,29,47,29,29,47,37,37,37,37,37,37,37,37,37,37,37,37,37,37,47,29,29,29,29,29,29,29,29,29,29,29,29,29,29,29,29,29,29,29,29,29,29,29,29,29,29,3
19,19,19,19,19,19,19,19,19,19,19,0,29,29,29,29,29,47,29,29,29,29,29,29,29,29,47,29,29,29,29,29,29,29,29,29,29,29,29,29,29,29,29,29,29,29,29,29,29,29,29,29,47,29,29,29,29,47,37,37,37,37,37,37,37,37,37,37,37,37,37,37,47,29,29,29,29,29,29,29,29,29,29,29,29,29,29,29,29,29,29,29,29,29,29,29,29,29,29,3
2,61,61,61,61,61,61,61,61,61,61,47,29,29,29,29,29,47,29,29,29,29,29,29,29,29,47,29,29,29,29,29,29,29,29,29,29,29,29,29,29,29,29,29,29,29,29,29,29,29,29,29,47,29,29,29,29,47,37,37,37,37,37,37,37,37,37,37,37,37,37,37,47,29,29,29,29,29,29,29,29,29,29,29,29,29,29,29,29,29,29,29,29,29,29,29,29,29,29,3
2,71,71,71,71,71,71,71,71,71,71,47,29,29,29,29,29,47,29,29,29,29,29,29,29,29,47,29,29,29,29,29,29,29,29,29,29,29,29,29,29,29,29,29,29,29,29,29,29,29,29,29,47,29,29,29,29,47,37,37,37,37,37,37,37,37,37,37,37,37,37,37,47,29,29,29,29,29,29,29,29,29,29,29,29,29,29,29,29,29,29,29,29,29,29,29,29,29,29,3
2,29,29,29,29,29,29,29,29,29,29,29,29,29,29,29,29,47,29,29,29,29,29,29,29,29,47,29,29,29,29,29,29,29,29,29,29,29,29,29,29,29,29,29,29,29,29,29,29,29,29,29,47,29,29,29,29,47,37,37,37,37,37,37,37,37,37,37,37,37,37,37,47,29,29,29,29,29,29,29,29,29,29,29,29,29,29,29,29,29,29,29,29,29,29,29,29,29,29,3
2,29,29,29,29,29,29,29,29,29,29,29,29,29,29,29,29,47,29,29,29,29,29,29,29,29,47,29,29,29,29,29,29,29,29,29,29,29,29,29,29,29,29,29,29,29,29,29,29,29,29,29,47,29,29,29,29,29,37,37,37,37,37,37,37,37,37,37,37,37,37,37,47,29,29,29,29,29,29,29,29,29,29,29,29,29,29,29,29,29,29,29,29,29,29,29,29,29,29,3
2,29,29,29,29,29,29,29,29,29,47,29,29,29,29,29,29,47,29,29,29,29,29,29,29,29,47,29,29,29,29,29,29,29,29,29,29,29,29,29,29,29,29,29,29,29,29,29,29,29,29,29,47,29,29,29,29,29,37,37,37,37,37,37,37,37,37,37,37,37,37,37,47,29,29,29,29,29,29,29,29,29,29,29,29,29,29,29,29,29,29,29,29,29,29,29,29,29,29,3
2,29,29,29,29,29,29,29,29,29,47,29,29,29,29,29,29,47,29,29,29,29,29,29,29,29,22,27,27,27,27,27,27,27,27,27,27,27,27,27,27,27,27,27,27,27,27,27,27,27,27,27,27,27,27,27,27,27,27,27,27,27,27,27,27,27,27,27,27,27,27,27,27,27,27,27,27,27,27,27,27,27,27,27,27,27,27,27,27,27,27,27,27,27,27,27,27,27,27,28
2,29,29,29,29,29,29,29,29,29,47,29,29,29,29,29,29,29,29,29,29,29,29,29,29,29,1,19,19,19,19,19,19,19,19,19,19,19,19,19,19,19,19,19,19,19,19,19,19,19,19,19,19,19,19,19,19,19,19,19,19,19,19,19,19,19,19,19,19,19,19,19,19,19,19,19,19,19,19,19,19,19,19,19,19,19,19,19,19,19,19,19,19,19,19,19,19,19,19,19
2,29,29,29,29,29,29,29,29,29,47,29,29,29,29,29,29,29,29,29,29,29,29,29,29,29,1,19,19,19,19,19,19,19,19,19,19,19,19,19,19,19,19,19,19,19,19,19,19,19,19,19,19,19,19,19,19,19,19,19,19,19,19,19,19,19,19,19,19,19,19,19,19,19,19,19,19,19,19,19,19,19,19,19,19,19,19,19,19,19,19,19,19,19,19,19,19,19,19,19
2,29,29,29,29,29,29,29,29,29,47,29,29,29,29,29,29,47,29,29,29,29,29,29,29,29,1,19,19,19,19,19,19,19,19,19,19,19,19,19,19,19,19,19,19,19,19,19,19,19,19,19,19,19,19,19,19,19,19,19,19,19,19,19,19,19,19,19,19,19,19,19,19,19,19,19,19,19,19,19,19,19,19,19,19,19,19,19,19,19,19,19,19,19,19,19,19,19,19,19
2,29,29,29,29,29,29,29,29,29,47,29,29,29,29,29,29,47,61,61,61,61,61,61,61,61,1,19,19,19,19,19,19,19,19,19,19,19,19,19,19,19,19,19,19,19,19,19,19,19,19,19,19,19,19,19,19,19,19,19,19,19,19,19,19,19,19,19,19,19,19,19,19,19,19,19,19,19,19,19,19,19,19,19,19,19,19,19,19,19,19,19,19,19,19,19,19,19,19,19
2,29,29,29,29,29,29,29,29,29,47,29,29,29,29,29,29,47,71,71,71,71,71,71,71,71,1,19,19,19,19,19,19,19,19,19,19,19,19,19,19,19,19,19,19,19,19,19,19,19,19,19,19,19,19,19,19,19,19,19,19,19,19,19,19,19,19,19,19,19,19,19,19,19,19,19,19,19,19,19,19,19,19,19,19,19,19,19,19,19,19,19,19,19,19,19,19,19,19,19
2,29,29,29,29,29,29,29,29,29,47,29,29,29,29,29,29,47,29,29,29,29,29,29,29,29,1,19,19,19,19,19,19,19,19,19,19,19,19,19,19,19,19,19,19,19,19,19,19,19,19,19,19,19,19,19,19,19,19,19,19,19,19,19,19,19,19,19,19,19,19,19,19,19,19,19,19,19,19,19,19,19,19,19,19,19,19,19,19,19,19,19,19,19,19,19,19,19,19,19
2,29,29,29,29,29,29,29,29,29,47,29,29,29,29,29,29,47,29,29,29,29,29,29,29,29,1,19,19,19,19,19,19,19,19,19,19,19,19,19,19,19,19,19,19,19,19,19,19,19,19,19,19,19,19,19,19,19,19,19,19,19,19,19,19,19,19,19,19,19,19,19,19,19,19,19,19,19,19,19,19,19,19,19,19,19,19,19,19,19,19,19,19,19,19,19,19,19,19,19
2,29,29,29,29,29,29,29,29,29,47,29,29,29,29,29,29,47,29,29,29,29,29,29,29,29,1,19,19,19,19,19,19,19,19,19,19,19,19,19,19,19,19,19,19,19,19,19,19,19,19,19,19,19,19,19,19,19,19,19,19,19,19,19,19,19,19,19,19,19,19,19,19,19,19,19,19,19,19,19,19,19,19,19,19,19,19,19,19,19,19,19,19,19,19,19,19,19,19,19
2,29,29,29,29,29,29,29,29,29,29,29,29,29,29,29,29,29,29,29,29,29,29,29,29,29,1,19,19,19,19,19,19,19,19,19,19,19,19,19,19,19,19,19,19,19,19,19,19,19,19,19,19,19,19,19,19,19,19,19,19,19,19,19,19,19,19,19,19,19,19,19,19,19,19,19,19,19,19,19,19,19,19,19,19,19,19,19,19,19,19,19,19,19,19,19,19,19,19,19
2,29,29,29,29,29,29,29,29,29,29,29,29,29,29,29,29,29,29,29,29,29,29,29,29,29,1,19,19,19,19,19,19,19,19,19,19,19,19,19,19,19,19,19,19,19,19,19,19,19,19,19,19,19,19,19,19,19,19,19,19,19,19,19,19,19,19,19,19,19,19,19,19,19,19,19,19,19,19,19,19,19,19,19,19,19,19,19,19,19,19,19,19,19,19,19,19,19,19,19
2,29,29,29,29,29,29,29,29,29,47,29,29,29,29,29,29,47,29,29,29,29,29,29,29,29,1,19,19,19,19,19,19,19,19,19,19,19,19,19,19,19,19,19,19,19,19,19,19,19,19,19,19,19,19,19,19,19,19,19,19,19,19,19,19,19,19,19,19,19,19,19,19,19,19,19,19,19,19,19,19,19,19,19,19,19,19,19,19,19,19,19,19,19,19,19,19,19,19,19
2,61,61,61,61,61,61,61,29,29,47,29,29,29,29,29,29,47,29,29,29,29,29,29,29,29,1,19,19,19,19,19,19,19,19,19,19,19,19,19,19,19,19,19,19,19,19,19,19,19,19,19,19,19,19,19,19,19,19,19,19,19,19,19,19,19,19,19,19,19,19,19,19,19,19,19,19,19,19,19,19,19,19,19,19,19,19,19,19,19,19,19,19,19,19,19,19,19,19,19
2,71,71,71,71,71,71,71,29,29,47,29,29,29,29,29,29,29,29,29,29,29,29,29,29,29,1,19,19,19,19,19,19,19,19,19,19,19,19,19,19,19,19,19,19,19,19,19,19,19,19,19,19,19,19,19,19,19,19,19,19,19,19,19,19,19,19,19,19,19,19,19,19,19,19,19,19,19,19,19,19,19,19,19,19,19,19,19,19,19,19,19,19,19,19,19,19,19,19,19
2,29,29,29,29,29,29,29,29,29,47,29,29,29,29,29,29,29,29,29,29,29,29,29,29,29,1,19,19,19,19,19,19,19,19,19,19,19,19,19,19,19,19,19,19,19,19,19,19,19,19,19,19,19,19,19,19,19,19,19,19,19,19,19,19,19,19,19,19,19,19,19,19,19,19,19,19,19,19,19,19,19,19,19,19,19,19,19,19,19,19,19,19,19,19,19,19,19,19,19
2,29,29,29,29,29,29,29,29,29,47,29,29,29,29,29,29,47,29,29,29,29,29,29,29,29,1,19,19,19,19,19,19,19,19,19,19,19,19,19,19,19,19,19,19,19,19,19,19,19,19,19,19,19,19,19,19,19,19,19,19,19,19,19,19,19,19,19,19,19,19,19,19,19,19,19,19,19,19,19,19,19,19,19,19,19,19,19,19,19,19,19,19,19,19,19,19,19,19,19
2,29,29,29,29,29,29,29,29,29,47,29,29,29,29,29,29,47,29,29,29,29,29,29,29,29,1,19,19,19,19,19,19,19,19,19,19,19,19,19,19,19,19,19,19,19,19,19,19,19,19,19,19,19,19,19,19,19,19,19,19,19,19,19,19,19,19,19,19,19,19,19,19,19,19,19,19,19,19,19,19,19,19,19,19,19,19,19,19,19,19,19,19,19,19,19,19,19,19,19
2,29,29,29,29,29,29,29,29,29,47,29,29,29,29,29,29,47,29,29,29,29,29,29,29,29,1,19,19,19,19,19,19,19,19,19,19,19,19,19,19,19,19,19,19,19,19,19,19,19,19,19,19,19,19,19,19,19,19,19,19,19,19,19,19,19,19,19,19,19,19,19,19,19,19,19,19,19,19,19,19,19,19,19,19,19,19,19,19,19,19,19,19,19,19,19,19,19,19,19
2,29,29,29,29,29,29,29,29,29,47,29,29,29,29,29,29,47,29,29,29,29,29,29,29,29,1,19,19,19,19,19,19,19,19,19,19,19,19,19,19,19,19,19,19,19,19,19,19,19,19,19,19,19,19,19,19,19,19,19,19,19,19,19,19,19,19,19,19,19,19,19,19,19,19,19,19,19,19,19,19,19,19,19,19,19,19,19,19,19,19,19,19,19,19,19,19,19,19,19
2,61,61,61,61,61,61,61,61,61,61,29,29,29,29,29,29,47,29,29,29,29,29,29,29,29,1,19,19,19,19,19,19,19,19,19,19,19,19,19,19,19,19,19,19,19,19,19,19,19,19,19,19,19,19,19,19,19,19,19,19,19,19,19,19,19,19,19,19,19,19,19,19,19,19,19,19,19,19,19,19,19,19,19,19,19,19,19,19,19,19,19,19,19,19,19,19,19,19,19
2,71,71,71,71,71,71,71,71,71,71,29,29,29,29,29,29,47,29,29,29,29,29,29,29,29,1,19,19,19,19,19,19,19,19,19,19,19,19,19,19,19,19,19,19,19,19,19,19,19,19,19,19,19,19,19,19,19,19,19,19,19,19,19,19,19,19,19,19,19,19,19,19,19,19,19,19,19,19,19,19,19,19,19,19,19,19,19,19,19,19,19,19,19,19,19,19,19,19,19
2,29,29,29,29,29,29,29,29,29,47,29,29,29,29,29,29,47,29,29,29,29,29,29,29,29,1,19,19,19,19,19,19,19,19,19,19,19,19,19,19,19,19,19,19,19,19,19,19,19,19,19,19,19,19,19,19,19,19,19,19,19,19,19,19,19,19,19,19,19,19,19,19,19,19,19,19,19,19,19,19,19,19,19,19,19,19,19,19,19,19,19,19,19,19,19,19,19,19,19
2,29,29,29,29,29,29,29,29,29,47,29,29,29,29,29,29,47,29,29,29,29,29,29,29,29,1,19,19,19,19,19,19,19,19,19,19,19,19,19,19,19,19,19,19,19,19,19,19,19,19,19,19,19,19,19,19,19,19,19,19,19,19,19,19,19,19,19,19,19,19,19,19,19,19,19,19,19,19,19,19,19,19,19,19,19,19,19,19,19,19,19,19,19,19,19,19,19,19,19
2,29,29,29,29,29,29,29,29,29,47,29,29,29,29,29,29,47,61,61,61,61,61,61,61,61,1,19,19,19,19,19,19,19,19,19,19,19,19,19,19,19,19,19,19,19,19,19,19,19,19,19,19,19,19,19,19,19,19,19,19,19,19,19,19,19,19,19,19,19,19,19,19,19,19,19,19,19,19,19,19,19,19,19,19,19,19,19,19,19,19,19,19,19,19,19,19,19,19,19
2,29,29,29,29,29,29,29,29,29,47,29,29,29,29,29,29,47,71,71,71,71,71,71,71,71,1,19,19,19,19,19,19,19,19,19,19,19,19,19,19,19,19,19,19,19,19,19,19,19,19,19,19,19,19,19,19,19,19,19,19,19,19,19,19,19,19,19,19,19,19,19,19,19,19,19,19,19,19,19,19,19,19,19,19,19,19,19,19,19,19,19,19,19,19,19,19,19,19,19
2,29,29,29,29,29,29,29,29,29,47,29,29,29,29,29,29,47,29,29,29,29,29,29,29,29,1,19,19,19,19,19,19,19,19,19,19,19,19,19,19,19,19,19,19,19,19,19,19,19,19,19,19,19,19,19,19,19,19,19,19,19,19,19,19,19,19,19,19,19,19,19,19,19,19,19,19,19,19,19,19,19,19,19,19,19,19,19,19,19,19,19,19,19,19,19,19,19,19,19
2,61,61,61,61,61,61,61,29,29,47,29,29,29,29,29,29,47,29,29,29,29,29,29,29,29,1,19,19,19,19,19,19,19,19,19,19,19,19,19,19,19,19,19,19,19,19,19,19,19,19,19,19,19,19,19,19,19,19,19,19,19,19,19,19,19,19,19,19,19,19,19,19,19,19,19,19,19,19,19,19,19,19,19,19,19,19,19,19,19,19,19,19,19,19,19,19,19,19,19
2,71,71,71,71,71,71,71,29,29,47,29,29,29,29,29,29,47,29,29,29,29,29,29,29,29,1,19,19,19,19,19,19,19,19,19,19,19,19,19,19,19,19,19,19,19,19,19,19,19,19,19,19,19,19,19,19,19,19,19,19,19,19,19,19,19,19,19,19,19,19,19,19,19,19,19,19,19,19,19,19,19,19,19,19,19,19,19,19,19,19,19,19,19,19,19,19,19,19,19
2,29,29,29,29,29,29,29,29,29,29,29,29,29,29,29,29,47,29,29,29,29,29,29,29,29,1,19,19,19,19,19,19,19,19,19,19,19,19,19,19,19,19,19,19,19,19,19,19,19,19,19,19,19,19,19,19,19,19,19,19,19,19,19,19,19,19,19,19,19,19,19,19,19,19,19,19,19,19,19,19,19,19,19,19,19,19,19,19,19,19,19,19,19,19,19,19,19,19,19
2,29,29,29,29,29,29,29,29,29,29,29,29,29,29,29,29,47,29,29,29,29,29,29,29,29,1,19,19,19,19,19,19,19,19,19,19,19,19,19,19,19,19,19,19,19,19,19,19,19,19,19,19,19,19,19,19,19,19,19,19,19,19,19,19,19,19,19,19,19,19,19,19,19,19,19,19,19,19,19,19,19,19,19,19,19,19,19,19,19,19,19,19,19,19,19,19,19,19,19
2,29,29,29,29,29,29,29,29,29,29,29,29,29,29,29,29,47,29,29,29,29,29,29,29,29,1,19,19,19,19,19,19,19,19,19,19,19,19,19,19,19,19,19,19,19,19,19,19,19,19,19,19,19,19,19,19,19,19,19,19,19,19,19,19,19,19,19,19,19,19,19,19,19,19,19,19,19,19,19,19,19,19,19,19,19,19,19,19,19,19,19,19,19,19,19,19,19,19,19
2,29,29,29,29,29,29,29,29,29,29,29,29,29,29,29,29,47,29,29,29,29,29,29,29,29,1,19,19,19,19,19,19,19,19,19,19,19,19,19,19,19,19,19,19,19,19,19,19,19,19,19,19,19,19,19,19,19,19,19,19,19,19,19,19,19,19,19,19,19,19,19,19,19,19,19,19,19,19,19,19,19,19,19,19,19,19,19,19,19,19,19,19,19,19,19,19,19,19,19
2,29,29,29,29,29,29,29,29,29,29,29,29,29,29,29,29,47,29,29,29,29,29,29,29,29,1,19,19,19,19,19,19,19,19,19,19,19,19,19,19,19,19,19,19,19,19,19,19,19,19,19,19,19,19,19,19,19,19,19,19,19,19,19,19,19,19,19,19,19,19,19,19,19,19,19,19,19,19,19,19,19,19,19,19,19,19,19,19,19,19,19,19,19,19,19,19,19,19,19
2,29,29,29,29,29,29,29,29,29,29,29,29,29,29,29,29,29,29,29,29,29,29,29,29,29,1,19,19,19,19,19,19,19,19,19,19,19,19,19,19,19,19,19,19,19,19,19,19,19,19,19,19,19,19,19,19,19,19,19,19,19,19,19,19,19,19,19,19,19,19,19,19,19,19,19,19,19,19,19,19,19,19,19,19,19,19,19,19,19,19,19,19,19,19,19,19,19,19,19
2,29,29,29,29,29,29,29,29,29,29,29,29,29,29,29,29,29,29,29,29,29,29,29,29,29,1,19,19,19,19,19,19,19,19,19,19,19,19,19,19,19,19,19,19,19,19,19,19,19,19,19,19,19,19,19,19,19,19,19,19,19,19,19,19,19,19,19,19,19,19,19,19,19,19,19,19,19,19,19,19,19,19,19,19,19,19,19,19,19,19,19,19,19,19,19,19,19,19,19
2,29,29,29,29,29,29,29,29,29,29,29,29,29,29,29,29,47,29,29,29,29,29,29,29,29,1,19,19,19,19,19,19,19,19,19,19,19,19,19,19,19,19,19,19,19,19,19,19,19,19,19,19,19,19,19,19,19,19,19,19,19,19,19,19,19,19,19,19,19,19,19,19,19,19,19,19,19,19,19,19,19,19,19,19,19,19,19,19,19,19,19,19,19,19,19,19,19,19,19
2,29,29,29,29,29,29,29,29,29,29,29,29,29,29,29,29,47,68,68,68,68,68,68,68,68,1,19,19,19,19,19,19,19,19,19,19,19,19,19,19,19,19,19,19,19,19,19,19,19,19,19,19,19,19,19,19,19,19,19,19,19,19,19,19,19,19,19,19,19,19,19,19,19,19,19,19,19,19,19,19,19,19,19,19,19,19,19,19,19,19,19,19,19,19,19,19,19,19,19
2,29,29,29,29,29,29,29,29,29,29,29,29,29,29,29,29,47,78,78,78,78,78,78,78,78,1,19,19,19,19,19,19,19,19,19,19,19,19,19,19,19,19,19,19,19,19,19,19,19,19,19,19,19,19,19,19,19,19,19,19,19,19,19,19,19,19,19,19,19,19,19,19,19,19,19,19,19,19,19,19,19,19,19,19,19,19,19,19,19,19,19,19,19,19,19,19,19,19,19
2,29,29,29,29,29,29,29,29,29,29,29,29,29,29,29,29,37,37,37,37,37,37,37,37,37,1,19,19,19,19,19,19,19,19,19,19,19,19,19,19,19,19,19,19,19,19,19,19,19,19,19,19,19,19,19,19,19,19,19,19,19,19,19,19,19,19,19,19,19,19,19,19,19,19,19,19,19,19,19,19,19,19,19,19,19,19,19,19,19,19,19,19,19,19,19,19,19,19,19
2,29,29,29,29,29,29,29,29,29,29,29,29,29,29,29,29,37,37,37,37,37,37,37,37,37,1,19,19,19,19,19,19,19,19,19,19,19,19,19,19,19,19,19,19,19,19,19,19,19,19,19,19,19,19,19,19,19,19,19,19,19,19,19,19,19,19,19,19,19,19,19,19,19,19,19,19,19,19,19,19,19,19,19,19,19,19,19,19,19,19,19,19,19,19,19,19,19,19,19
2,29,29,29,29,29,29,29,29,29,29,29,29,29,29,29,29,47,37,37,37,37,37,37,37,37,1,19,19,19,19,19,19,19,19,19,19,19,19,19,19,19,19,19,19,19,19,19,19,19,19,19,19,19,19,19,19,19,19,19,19,19,19,19,19,19,19,19,19,19,19,19,19,19,19,19,19,19,19,19,19,19,19,19,19,19,19,19,19,19,19,19,19,19,19,19,19,19,19,19
2,29,29,29,29,29,29,29,29,29,29,29,29,29,29,29,29,47,37,37,37,37,37,37,37,37,1,19,19,19,19,19,19,19,19,19,19,19,19,19,19,19,19,19,19,19,19,19,19,19,19,19,19,19,19,19,19,19,19,19,19,19,19,19,19,19,19,19,19,19,19,19,19,19,19,19,19,19,19,19,19,19,19,19,19,19,19,19,19,19,19,19,19,19,19,19,19,19,19,19
2,29,29,29,29,29,29,29,29,29,29,29,29,29,29,29,29,47,37,37,37,37,37,37,37,37,1,19,19,19,19,19,19,19,19,19,19,19,19,19,19,19,19,19,19,19,19,19,19,19,19,19,19,19,19,19,19,19,19,19,19,19,19,19,19,19,19,19,19,19,19,19,19,19,19,19,19,19,19,19,19,19,19,19,19,19,19,19,19,19,19,19,19,19,19,19,19,19,19,19
2,29,29,29,29,29,29,29,29,29,29,29,29,29,29,29,29,47,37,37,37,37,37,37,37,37,1,19,19,19,19,19,19,19,19,19,19,19,19,19,19,19,19,19,19,19,19,19,19,19,19,19,19,19,19,19,19,19,19,19,19,19,19,19,19,19,19,19,19,19,19,19,19,19,19,19,19,19,19,19,19,19,19,19,19,19,19,19,19,19,19,19,19,19,19,19,19,19,19,19
2,61,61,61,61,61,61,61,29,29,29,29,29,29,29,29,29,47,37,37,37,37,37,37,37,37,1,19,19,19,19,19,19,19,19,19,19,19,19,19,19,19,19,19,19,19,19,19,19,19,19,19,19,19,19,19,19,19,19,19,19,19,19,19,19,19,19,19,19,19,19,19,19,19,19,19,19,19,19,19,19,19,19,19,19,19,19,19,19,19,19,19,19,19,19,19,19,19,19,19
2,71,71,71,71,71,71,71,29,29,29,29,29,29,29,29,29,47,37,37,37,37,37,37,37,37,1,19,19,19,19,19,19,19,19,19,19,19,19,19,19,19,19,19,19,19,19,19,19,19,19,19,19,19,19,19,19,19,19,19,19,19,19,19,19,19,19,19,19,19,19,19,19,19,19,19,19,19,19,19,19,19,19,19,19,19,19,19,19,19,19,19,19,19,19,19,19,19,19,19
2,29,29,29,29,29,29,29,29,29,29,29,29,29,29,29,29,47,37,37,37,37,37,37,37,37,1,19,19,19,19,19,19,19,19,19,19,19,19,19,19,19,19,19,19,19,19,19,19,19,19,19,19,19,19,19,19,19,19,19,19,19,19,19,19,19,19,19,19,19,19,19,19,19,19,19,19,19,19,19,19,19,19,19,19,19,19,19,19,19,19,19,19,19,19,19,19,19,19,19
2,29,29,29,29,29,29,29,29,29,29,29,29,29,29,29,29,47,37,37,37,37,37,37,37,37,1,19,19,19,19,19,19,19,19,19,19,19,19,19,19,19,19,19,19,19,19,19,19,19,19,19,19,19,19,19,19,19,19,19,19,19,19,19,19,19,19,19,19,19,19,19,19,19,19,19,19,19,19,19,19,19,19,19,19,19,19,19,19,19,19,19,19,19,19,19,19,19,19,19
2,29,29,29,29,29,29,47,29,29,29,29,29,29,29,29,29,47,37,37,37,37,37,37,37,37,1,19,19,19,19,19,19,19,19,19,19,19,19,19,19,19,19,19,19,19,19,19,19,19,19,19,19,19,19,19,19,19,19,19,19,19,19,19,19,19,19,19,19,19,19,19,19,19,19,19,19,19,19,19,19,19,19,19,19,19,19,19,19,19,19,19,19,19,19,19,19,19,19,19
2,29,29,29,29,29,29,47,29,29,29,29,29,29,29,29,29,47,37,37,37,37,37,37,37,37,1,19,19,19,19,19,19,19,19,19,19,19,19,19,19,19,19,19,19,19,19,19,19,19,19,19,19,19,19,19,19,19,19,19,19,19,19,19,19,19,19,19,19,19,19,19,19,19,19,19,19,19,19,19,19,19,19,19,19,19,19,19,19,19,19,19,19,19,19,19,19,19,19,19
2,29,29,29,29,29,29,47,29,29,29,29,29,29,29,29,29,37,37,37,37,37,37,37,37,37,1,19,19,19,19,19,19,19,19,19,19,19,19,19,19,19,19,19,19,19,19,19,19,19,19,19,19,19,19,19,19,19,19,19,19,19,19,19,19,19,19,19,19,19,19,19,19,19,19,19,19,19,19,19,19,19,19,19,19,19,19,19,19,19,19,19,19,19,19,19,19,19,19,19
2,29,29,29,29,29,29,47,29,29,29,29,29,29,29,29,29,37,37,37,37,37,37,37,37,37,1,19,19,19,19,19,19,19,19,19,19,19,19,19,19,19,19,19,19,19,19,19,19,19,19,19,19,19,19,19,19,19,19,19,19,19,19,19,19,19,19,19,19,19,19,19,19,19,19,19,19,19,19,19,19,19,19,19,19,19,19,19,19,19,19,19,19,19,19,19,19,19,19,19
2,29,29,29,29,29,29,47,29,29,29,29,29,29,29,29,29,47,61,61,61,61,61,61,29,29,1,19,19,19,19,19,19,19,19,19,19,19,19,19,19,19,19,19,19,19,19,19,19,19,19,19,19,19,19,19,19,19,19,19,19,19,19,19,19,19,19,19,19,19,19,19,19,19,19,19,19,19,19,19,19,19,19,19,19,19,19,19,19,19,19,19,19,19,19,19,19,19,19,19
2,61,61,61,61,61,61,47,29,29,29,29,29,29,29,29,29,47,71,71,71,71,71,71,29,29,1,19,19,19,19,19,19,19,19,19,19,19,19,19,19,19,19,19,19,19,19,19,19,19,19,19,19,19,19,19,19,19,19,19,19,19,19,19,19,19,19,19,19,19,19,19,19,19,19,19,19,19,19,19,19,19,19,19,19,19,19,19,19,19,19,19,19,19,19,19,19,19,19,19
2,71,71,71,71,71,71,47,29,29,47,29,29,29,29,29,29,47,29,47,29,29,29,29,29,29,1,19,19,19,19,19,19,19,19,19,19,19,19,19,19,19,19,19,19,19,19,19,19,19,19,19,19,19,19,19,19,19,19,19,19,19,19,19,19,19,19,19,19,19,19,19,19,19,19,19,19,19,19,19,19,19,19,19,19,19,19,19,19,19,19,19,19,19,19,19,19,19,19,19
2,29,29,29,29,29,29,29,29,29,47,29,29,29,29,29,29,47,29,47,29,29,29,29,29,29,1,19,19,19,19,19,19,19,19,19,19,19,19,19,19,19,19,19,19,19,19,19,19,19,19,19,19,19,19,19,19,19,19,19,19,19,19,19,19,19,19,19,19,19,19,19,19,19,19,19,19,19,19,19,19,19,19,19,19,19,19,19,19,19,19,19,19,19,19,19,19,19,19,19
2,29,29,29,29,29,29,29,29,29,47,29,29,29,29,29,29,47,29,29,29,29,29,29,29,29,1,19,19,19,19,19,19,19,19,19,19,19,19,19,19,19,19,19,19,19,19,19,19,19,19,19,19,19,19,19,19,19,19,19,19,19,19,19,19,19,19,19,19,19,19,19,19,19,19,19,19,19,19,19,19,19,19,19,19,19,19,19,19,19,19,19,19,19,19,19,19,19,19,19
2,29,29,29,29,29,29,29,29,29,47,29,29,29,29,29,29,47,29,29,29,29,29,29,29,29,1,19,19,19,19,19,19,19,19,19,19,19,19,19,19,19,19,19,19,19,19,19,19,19,19,19,19,19,19,19,19,19,19,19,19,19,19,19,19,19,19,19,19,19,19,19,19,19,19,19,19,19,19,19,19,19,19,19,19,19,19,19,19,19,19,19,19,19,19,19,19,19,19,19
2,29,29,29,29,29,29,29,29,29,47,61,61,29,29,61,61,61,61,61,61,61,61,61,61,61,1,19,19,19,19,19,19,19,19,19,19,19,19,19,19,19,19,19,19,19,19,19,19,19,19,19,19,19,19,19,19,19,19,19,19,19,19,19,19,19,19,19,19,19,19,19,19,19,19,19,19,19,19,19,19,19,19,19,19,19,19,19,19,19,19,19,19,19,19,19,19,19,19,19
2,29,29,29,29,29,29,29,29,29,47,71,71,29,29,71,71,71,71,71,71,71,71,71,71,71,1,19,19,19,19,19,19,19,19,19,19,19,19,19,19,19,19,19,19,19,19,19,19,19,19,19,19,19,19,19,19,19,19,19,19,19,19,19,19,19,19,19,19,19,19,19,19,19,19,19,19,19,19,19,19,19,19,19,19,19,19,19,19,19,19,19,19,19,19,19,19,19,19,19
2,29,29,29,29,29,29,29,29,29,47,29,29,29,29,29,29,29,29,29,29,29,29,29,29,29,1,19,19,19,19,19,19,19,19,19,19,19,19,19,19,19,19,19,19,19,19,19,19,19,19,19,19,19,19,19,19,19,19,19,19,19,19,19,19,19,19,19,19,19,19,19,19,19,19,19,19,19,19,19,19,19,19,19,19,19,19,19,19,19,19,19,19,19,19,19,19,19,19,19
2,29,29,29,29,29,29,29,29,29,47,29,29,29,29,29,29,29,29,29,29,29,29,29,29,29,1,19,19,19,19,19,19,19,19,19,19,19,19,19,19,19,19,19,19,19,19,19,19,19,19,19,19,19,19,19,19,19,19,19,19,19,19,19,19,19,19,19,19,19,19,19,19,19,19,19,19,19,19,19,19,19,19,19,19,19,19,19,19,19,19,19,19,19,19,19,19,19,19,19
2,29,29,29,29,29,29,29,29,29,47,29,29,29,29,29,29,29,29,29,29,29,29,29,29,29,1,19,19,19,19,19,19,19,19,19,19,19,19,19,19,19,19,19,19,19,19,19,19,19,19,19,19,19,19,19,19,19,19,19,19,19,19,19,19,19,19,19,19,19,19,19,19,19,19,19,19,19,19,19,19,19,19,19,19,19,19,19,19,19,19,19,19,19,19,19,19,19,19,19
2,29,29,29,29,29,29,29,29,29,47,29,29,29,29,29,29,29,29,29,29,29,29,29,29,29,1,19,19,19,19,19,19,19,19,19,19,19,19,19,19,19,19,19,19,19,19,19,19,19,19,19,19,19,19,19,19,19,19,19,19,19,19,19,19,19,19,19,19,19,19,19,19,19,19,19,19,19,19,19,19,19,19,19,19,19,19,19,19,19,19,19,19,19,19,19,19,19,19,19
2,29,29,29,29,29,29,29,29,29,47,29,29,29,29,29,29,29,29,29,29,29,29,29,29,29,1,19,19,19,19,19,19,19,19,19,19,19,19,19,19,19,19,19,19,19,19,19,19,19,19,19,19,19,19,19,19,19,19,19,19,19,19,19,19,19,19,19,19,19,19,19,19,19,19,19,19,19,19,19,19,19,19,19,19,19,19,19,19,19,19,19,19,19,19,19,19,19,19,19
2,29,29,29,29,29,29,29,29,29,47,29,29,29,29,29,29,29,29,29,29,29,29,29,29,29,1,19,19,19,19,19,19,19,19,19,19,19,19,19,19,19,19,19,19,19,19,19,19,19,19,19,19,19,19,19,19,19,19,19,19,19,19,19,19,19,19,19,19,19,19,19,19,19,19,19,19,19,19,19,19,19,19,19,19,19,19,19,19,19,19,19,19,19,19,19,19,19,19,19
2,29,29,29,29,29,29,29,29,29,47,29,29,29,29,29,29,29,29,29,29,29,29,29,29,29,1,19,19,19,19,19,19,19,19,19,19,19,19,19,19,19,19,19,19,19,19,19,19,19,19,19,19,19,19,19,19,19,19,19,19,19,19,19,19,19,19,19,19,19,19,19,19,19,19,19,19,19,19,19,19,19,19,19,19,19,19,19,19,19,19,19,19,19,19,19,19,19,19,19
2,29,29,29,29,29,29,29,29,29,47,29,29,29,29,29,29,29,29,29,29,29,29,29,29,29,1,19,19,19,19,19,19,19,19,19,19,19,19,19,19,19,19,19,19,19,19,19,19,19,19,19,19,19,19,19,19,19,19,19,19,19,19,19,19,19,19,19,19,19,19,19,19,19,19,19,19,19,19,19,19,19,19,19,19,19,19,19,19,19,19,19,19,19,19,19,19,19,19,19
2,29,29,29,29,29,29,29,29,29,47,29,29,29,29,29,29,29,29,29,29,29,29,29,29,29,1,19,19,19,19,19,19,19,19,19,19,19,19,19,19,19,19,19,19,19,19,19,19,19,19,19,19,19,19,19,19,19,19,19,19,19,19,19,19,19,19,19,19,19,19,19,19,19,19,19,19,19,19,19,19,19,19,19,19,19,19,19,19,19,19,19,19,19,19,19,19,19,19,19
2,29,29,29,29,29,29,29,29,29,29,29,29,29,29,29,29,29,29,29,29,29,29,29,29,29,1,19,19,19,19,19,19,19,19,19,19,19,19,19,19,19,19,19,19,19,19,19,19,19,19,19,19,19,19,19,19,19,19,19,19,19,19,19,19,19,19,19,19,19,19,19,19,19,19,19,19,19,19,19,19,19,19,19,19,19,19,19,19,19,19,19,19,19,19,19,19,19,19,19
2,29,29,29,29,29,29,29,29,29,29,29,29,29,29,29,29,29,29,29,29,29,29,29,29,29,1,19,19,19,19,19,19,19,19,19,19,19,19,19,19,19,19,19,19,19,19,19,19,19,19,19,19,19,19,19,19,19,19,19,19,19,19,19,19,19,19,19,19,19,19,19,19,19,19,19,19,19,19,19,19,19,19,19,19,19,19,19,19,19,19,19,19,19,19,19,19,19,19,19
26,27,27,27,27,27,27,27,27,27,27,27,27,27,27,27,27,27,27,27,27,27,27,27,27,27,28,19,19,19,19,19,19,19,19,19,19,19,19,19,19,19,19,19,19,19,19,19,19,19,19,19,19,19,19,19,19,19,19,19,19,19,19,19,19,19,19,19,19,19,19,19,19,19,19,19,19,19,19,19,19,19,19,19,19,19,19,19,19,19,19,19,19,19,19,19,19,19,19,19,19